#Accuracy
1.43 
3.26 
4.56 
6.30 
7.47 
10.28 
11.05 
13.74 
14.71 
16.11 
18.26 
23.33 
27.27 
28.28 
28.30 
33.33 
35.64 
47.78 
50.85 
56.00 
59.85 
63.92 
64.29 
64.52 
72.29 
75.61 
76.06 
76.92 
79.07 
79.41 
83.09 
83.33 
84.62 
85.05 
85.71 
86.59 
89.68 
90.00 
90.00 
94.12 
95.83 
97.12 
97.62 
98.11 
98.57 
98.92 
99.23 
100.00 
100.00 
100.00 
100.00 
100.00 
100.00 
100.00 
100.00 
100.00 
100.00 
100.00 
100.00 
100.00 
100.00 
100.00 
100.00 
100.00 
100.00 
100.00 
100.00 
100.00 
100.00 
100.00 
100.00 
100.00 
100.00 
100.00 
100.00 
100.00 
100.00 
100.00 
100.00 
100.00 
100.00 
100.00 
100.00 
100.00 
100.00 
100.00 
100.00 
100.00 
100.00 
100.00 
100.00 
100.00 
100.00 
100.00 
100.00 
100.00 
100.00 
100.00 
100.00 
100.00 
100.00 
100.00 
100.00 
100.00 
100.00 
100.00 
100.00 